81505591700031
74982282775557
3234050617
73091492458229
2413927524
110029522258215
119126689474503
5523851880
136111736950183
71706515477118
863266079
95721658376580
4991214437
121192350097093
86674945688264
96153864779911
120398694613042
130274245431977
120841752776030
89469502395769
109745098209948
90316083466771
117358254531194
124374448373637
90158090737937
3260590327
111835260646713
84259959693333
109141895577255
16404660684
131547682328842
129279692364812
108730407897379
4588604953
125003919504672
72170565698228
2809202155
17720162456
15078849939
130361766615221
113745337705295
129870876180628
13379208636
6447798030
89469502395769
131756752872026
124943244212764
139103524361580
96645548064314
7041939546
99046552174353
71390822526000
13559635034
94141670851856
12411473842
18286009370
116495829188952
6336491204
89490838554710
13822562292
10449761463
3956818381
89469502395769
17625359962
140409475718339
88933961678687
102429912667575
301549746
135887679143452
4623386862
120851538706364
18199615050
